12345678901234567890123456789012345678901234567890123456789012345678
12345678901234567890123456789012345678901
123456789012345678901234567890123456789012345678901234567890123
1234567890123456789012345678901234567890123456789012345678901234567890
1234567890123456789012345678901234567890123456789
123456789012345678901234567890123456789012345678901234
1234567890123456789012345678901234567890123456789012345678901234567890
123456789012345678901234
123456789012345678901234567890123456789012345678901234567890123
123456789012345678901234567890123456789
1234567890123456789012345678901234567890123456789012345678901234567
1234567890123456789012345678901234567890123
1234567890123456789012345678901234567890
123456789012345678901234567890123456789012345678
1234567890123456789012345678901234567890123
1234567890123456789012345678901234567890123456789012345678901234
12345678901234567890123456789012345678901234567890123
1234567890123456789012345678901234567890123456789012345678901234
1234567890123456789012345678901234567890123456789012345678901234567890
1234567890123456789012345678901234567890123456789
1234567890123456789012345678901234567890123456789012345678901234567890
12345678901234567890123456789012345678901234567890123456789012345
1234567890123456789012345678901234567890123456789012345678901234567890
12345678901234567890123456789012345678901234567890123456
1234567890123456789012345678901234567890123456789012345678901234567890
1234567890123456789012345678901234567890123456789012345678901234
1234567890123456789012345678901234567890123456789012345678901234567890
123456789012345678901234567890123456789012345678901234
12345678901234567890123456789012345678901234567890123456789012
1234567890123456789012345678901234567890123456789012345678901234567890
1234567890123456789012345678901234567890123456789012345
1234567890123456789012345678901234
1234567890123456789012345678901234567890123456789012345678
1234567890123456789012345678901234567890123456789012
123456789012345678901234567890123456789012345678901234567890123456